# scan = 15
# date = 9/21/2017
# time = 5:06:26 AM
# proposal = 19808
# experiment = Tb2NbScO7
# experiment_number = 298
# command = scanrel s2 2 -2 .1
# builtin_command = scan s2 @(s2)+2 @(s2)+-2 0.100000
# users = Connor Buhariwalla, Cissy Suen
# local_contact = Adam Aczel
# scan_title = 
# monochromator = PG002
# analyzer = Pg002
# sense = +-+
# collimation = 48-40-40-120
# samplename = TbNbSc
# sampletype = crystal
# samplemosaic = 30.000000
# latticeconstants = 10.390000,10.390000,10.390000,90.000000,90.000000,90.000000
# ubmatrix = 0.058118,0.058118,0.050080,0.035412,0.035412,-0.082191,-0.068056,0.068056,0.000000
# mode = 0
# plane_normal = -0.000000,0.000000,1.000000
# ubconf = UB21Sep2017_44752AM.ini
# preset_type = normal 
# preset_channel = time
# preset_value = 5.000000
# def_x = s2
# def_y = detector
# col_headers = 
#   Pt.         s2       time   detector double_mono         m2       marc     mtrans        bab        bal        bar        bat         s1        sgu        sgl        stu        stl         a1         a2          q          h          k          l         ei         ef          e
      1   -46.5263      5.000    249.000     0.0000    42.2313     0.0000     0.0000    30.0000    30.0000    30.0000    30.0000     9.6345     0.0000     0.0000     0.0000     0.0000    21.1157    42.2369     2.0531     1.0425     1.0425     3.0581    13.9997    13.9961     0.003
      2   -46.6268      5.000    230.000     0.0000    42.2313     0.0000     0.0000    30.0000    30.0000    30.0000    30.0000     9.6345     0.0000     0.0000     0.0000     0.0000    21.1157    42.2369     2.0572     1.0428     1.0428     3.0656    13.9997    13.9961     0.003
      3   -46.7265      5.000    238.000     0.0000    42.2313     0.0000     0.0000    30.0000    30.0000    30.0000    30.0000     9.6345     0.0000     0.0000     0.0000     0.0000    21.1157    42.2369     2.0614     1.0430     1.0430     3.0731    13.9997    13.9961     0.003
      4   -46.8265      5.000    290.000     0.0000    42.2313     0.0000     0.0000    30.0000    30.0000    30.0000    30.0000     9.6345     0.0000     0.0000     0.0000     0.0000    21.1157    42.2369     2.0656     1.0432     1.0432     3.0806    13.9997    13.9961     0.003
      5   -46.9265      5.000    436.000     0.0000    42.2313     0.0000     0.0000    30.0000    30.0000    30.0000    30.0000     9.6345     0.0000     0.0000     0.0000     0.0000    21.1157    42.2369     2.0697     1.0434     1.0434     3.0881    13.9997    13.9961     0.003
      6   -47.0267      5.000    699.000     0.0000    42.2313     0.0000     0.0000    30.0000    30.0000    30.0000    30.0000     9.6345     0.0000     0.0000     0.0000     0.0000    21.1157    42.2369     2.0739     1.0436     1.0436     3.0956    13.9997    13.9961     0.003
      7   -47.1268      5.000    938.000     0.0000    42.2313     0.0000     0.0000    30.0000    30.0000    30.0000    30.0000     9.6345     0.0000     0.0000     0.0000     0.0000    21.1157    42.2369     2.0781     1.0437     1.0437     3.1031    13.9997    13.9961     0.003
      8   -47.2268      5.000   1423.000     0.0000    42.2313     0.0000     0.0000    30.0000    30.0000    30.0000    30.0000     9.6345     0.0000     0.0000     0.0000     0.0000    21.1157    42.2369     2.0822     1.0439     1.0439     3.1106    13.9997    13.9961     0.003
      9   -47.3268      5.000   2517.000     0.0000    42.2313     0.0000     0.0000    30.0000    30.0000    30.0000    30.0000     9.6345     0.0000     0.0000     0.0000     0.0000    21.1157    42.2369     2.0864     1.0441     1.0441     3.1181    13.9997    13.9961     0.003
     10   -47.4267      5.000   3857.000     0.0000    42.2313     0.0000     0.0000    30.0000    30.0000    30.0000    30.0000     9.6345     0.0000     0.0000     0.0000     0.0000    21.1157    42.2369     2.0905     1.0442     1.0442     3.1256    13.9997    13.9961     0.003
     11   -47.5267      5.000   4642.000     0.0000    42.2313     0.0000     0.0000    30.0000    30.0000    30.0000    30.0000     9.6345     0.0000     0.0000     0.0000     0.0000    21.1157    42.2369     2.0947     1.0444     1.0444     3.1331    13.9997    13.9961     0.003
     12   -47.6268      5.000   5431.000     0.0000    42.2313     0.0000     0.0000    30.0000    30.0000    30.0000    30.0000     9.6345     0.0000     0.0000     0.0000     0.0000    21.1157    42.2369     2.0988     1.0445     1.0445     3.1406    13.9997    13.9961     0.003
     13   -47.7265      5.000   6149.000     0.0000    42.2313     0.0000     0.0000    30.0000    30.0000    30.0000    30.0000     9.6345     0.0000     0.0000     0.0000     0.0000    21.1157    42.2369     2.1030     1.0446     1.0446     3.1481    13.9997    13.9961     0.003
     14   -47.8265      5.000   6458.000     0.0000    42.2313     0.0000     0.0000    30.0000    30.0000    30.0000    30.0000     9.6345     0.0000     0.0000     0.0000     0.0000    21.1157    42.2369     2.1071     1.0447     1.0447     3.1556    13.9997    13.9961     0.003
     15   -47.9267      5.000   6654.000     0.0000    42.2313     0.0000     0.0000    30.0000    30.0000    30.0000    30.0000     9.6345     0.0000     0.0000     0.0000     0.0000    21.1157    42.2369     2.1113     1.0448     1.0448     3.1631    13.9997    13.9961     0.003
     16   -48.0267      5.000   6424.000     0.0000    42.2313     0.0000     0.0000    30.0000    30.0000    30.0000    30.0000     9.6345     0.0000     0.0000     0.0000     0.0000    21.1157    42.2369     2.1154     1.0449     1.0449     3.1706    13.9997    13.9961     0.003
     17   -48.1268      5.000   6656.000     0.0000    42.2313     0.0000     0.0000    30.0000    30.0000    30.0000    30.0000     9.6345     0.0000     0.0000     0.0000     0.0000    21.1157    42.2369     2.1196     1.0450     1.0450     3.1781    13.9997    13.9961     0.003
     18   -48.2270      5.000   6529.000     0.0000    42.2313     0.0000     0.0000    30.0000    30.0000    30.0000    30.0000     9.6345     0.0000     0.0000     0.0000     0.0000    21.1157    42.2369     2.1237     1.0451     1.0451     3.1856    13.9997    13.9961     0.003
     19   -48.3268      5.000   6421.000     0.0000    42.2313     0.0000     0.0000    30.0000    30.0000    30.0000    30.0000     9.6345     0.0000     0.0000     0.0000     0.0000    21.1157    42.2369     2.1278     1.0452     1.0452     3.1931    13.9997    13.9961     0.003
     20   -48.4270      5.000   6161.000     0.0000    42.2313     0.0000     0.0000    30.0000    30.0000    30.0000    30.0000     9.6345     0.0000     0.0000     0.0000     0.0000    21.1157    42.2369     2.1320     1.0452     1.0452     3.2006    13.9997    13.9961     0.003
     21   -48.5267      5.000   5645.000     0.0000    42.2313     0.0000     0.0000    30.0000    30.0000    30.0000    30.0000     9.6345     0.0000     0.0000     0.0000     0.0000    21.1157    42.2369     2.1361     1.0453     1.0453     3.2081    13.9997    13.9961     0.003
     22   -48.6268      5.000   5211.000     0.0000    42.2313     0.0000     0.0000    30.0000    30.0000    30.0000    30.0000     9.6345     0.0000     0.0000     0.0000     0.0000    21.1157    42.2369     2.1402     1.0453     1.0453     3.2156    13.9997    13.9961     0.003
     23   -48.7265      5.000   4274.000     0.0000    42.2313     0.0000     0.0000    30.0000    30.0000    30.0000    30.0000     9.6345     0.0000     0.0000     0.0000     0.0000    21.1157    42.2369     2.1444     1.0454     1.0454     3.2231    13.9997    13.9961     0.003
     24   -48.8265      5.000   2969.000     0.0000    42.2313     0.0000     0.0000    30.0000    30.0000    30.0000    30.0000     9.6345     0.0000     0.0000     0.0000     0.0000    21.1157    42.2369     2.1485     1.0454     1.0454     3.2306    13.9997    13.9961     0.003
     25   -48.9267      5.000   2086.000     0.0000    42.2313     0.0000     0.0000    30.0000    30.0000    30.0000    30.0000     9.6345     0.0000     0.0000     0.0000     0.0000    21.1157    42.2369     2.1526     1.0454     1.0454     3.2381    13.9997    13.9961     0.003
     26   -49.0267      5.000   1234.000     0.0000    42.2313     0.0000     0.0000    30.0000    30.0000    30.0000    30.0000     9.6345     0.0000     0.0000     0.0000     0.0000    21.1157    42.2369     2.1568     1.0454     1.0454     3.2456    13.9997    13.9961     0.003
     27   -49.1268      5.000    614.000     0.0000    42.2313     0.0000     0.0000    30.0000    30.0000    30.0000    30.0000     9.6345     0.0000     0.0000     0.0000     0.0000    21.1157    42.2369     2.1609     1.0454     1.0454     3.2531    13.9997    13.9961     0.003
     28   -49.2268      5.000    335.000     0.0000    42.2313     0.0000     0.0000    30.0000    30.0000    30.0000    30.0000     9.6345     0.0000     0.0000     0.0000     0.0000    21.1157    42.2369     2.1650     1.0454     1.0454     3.2606    13.9997    13.9961     0.003
     29   -49.3268      5.000    271.000     0.0000    42.2313     0.0000     0.0000    30.0000    30.0000    30.0000    30.0000     9.6345     0.0000     0.0000     0.0000     0.0000    21.1157    42.2369     2.1691     1.0453     1.0453     3.2681    13.9997    13.9961     0.003
     30   -49.4267      5.000    217.000     0.0000    42.2313     0.0000     0.0000    30.0000    30.0000    30.0000    30.0000     9.6345     0.0000     0.0000     0.0000     0.0000    21.1157    42.2369     2.1733     1.0453     1.0453     3.2756    13.9997    13.9961     0.003
     31   -49.5270      5.000    221.000     0.0000    42.2313     0.0000     0.0000    30.0000    30.0000    30.0000    30.0000     9.6345     0.0000     0.0000     0.0000     0.0000    21.1157    42.2369     2.1774     1.0453     1.0453     3.2831    13.9997    13.9961     0.003
     32   -49.6265      5.000      0.000     0.0000    42.2313     0.0000     0.0000    30.0000    30.0000    30.0000    30.0000     9.6345     0.0000     0.0000     0.0000     0.0000    21.1157    42.2369     2.1815     1.0452     1.0452     3.2906    13.9997    13.9961     0.003
# Sum of Counts = 95479
# Center of Mass = -48.089247+/-0.220101
# Full Width Half-Maximum = 1.014955+/-0.078786
# 5:09:24 AM  9/21/2017   scan stopped!!
